Letters,0,1,2,3,4,overall
a,596,1959,929,911,616,5011
b,736,65,278,219,48,1346
c,724,136,336,259,96,1551
d,574,64,315,402,705,2060
e,231,1386,705,2009,1098,5429
f,462,16,153,198,56,885
g,523,64,297,347,102,1333
h,420,402,111,207,231,1371
i,131,1181,785,722,269,3088
j,182,9,43,27,3,264
k,356,85,260,448,146,1295
l,489,498,736,609,320,2652
m,586,150,450,334,140,1660
n,288,258,825,606,400,2377
o,221,1817,749,566,331,3684
p,717,170,306,368,91,1652
q,55,10,12,2,4,83
r,523,673,1035,567,461,3259
s,1199,77,453,345,3922,5996
t,666,162,505,759,474,2566
u,156,1001,502,319,66,2044
v,199,37,191,110,4,541
w,330,119,245,103,47,844
x,16,43,121,9,62,251
y,175,248,184,105,937,1649
z,102,27,131,106,28,394
